Frequency (Hz)	H' 	-H'' 
10000	0.0014620126856892	0.000652247144511866
7943.3	-0.000723442243966132	0.000275720970038466
6309.6	0.000132402577386325	5.87987285479211E-05
5011.9	0.000802311178037955	0.000672568773182021
3981.1	2.99954261791271E-05	0.000401285350781525
3162.3	0.000325177739389013	5.03565788365685E-05
2511.9	-6.04115269340732E-05	9.7108421761938E-05
1995.3	-2.99485522309746E-05	0.000832455714184327
1584.9	0.000460862357187771	0.00090041361105503
1258.9	0.000784590662155132	0.000284039264324139
1000	0.000577356032433098	0.000702344150964268
794.33	0.00135818811317798	0.00178569855991787
630.96	0.000242198099708299	0.00106706389271202
501.19	-0.000294131054358277	0.00128460568504338
398.11	0.000615461552887897	0.00142007984877665
316.23	0.00179459108179245	0.00217093882415311
251.19	0.00132647192697617	-4.583820240422E-05
199.53	0.000595760485206459	0.00174787349342557
158.49	0.00143726672666449	0.00331983809572517
125.89	0.000849933519930595	0.00245967426524313
100	0.00390413007743099	0.00271991063387367
79.433	0.00119107036277222	0.00452783062490269
63.096	0.00614649399769662	0.00711473835469126
50.119	0.00803802946906216	0.0055164102515268
39.811	0.0038521956680025	0.00323929964987066
31.623	0.00735304047888424	0.00451193765247056
25.119	0.00622662852888298	0.0025790872031011
19.953	0.00550189862544902	0.00569108542814676
15.849	0.00867727641470127	0.00468561861528694
12.589	0.00841945012452154	0.00714325143965802
10	0.0104970932656995	0.00584708045431468
7.9433	0.011375145492301	0.00615479185265323
6.3096	0.0131531649574813	0.00195245869636498
5.0119	0.0145725492102284	0.00272544626927739
3.9811	0.01386916061511	0.000590116624057665
3.1623	0.0141414184112278	-0.000165632525144997
2.5119	0.0150740492080715	-0.00245793331587108
1.9953	0.0120849739246167	-0.00392189044517665
1.5849	0.0111804232030254	-0.00486446350642391
1.2589	0.0100621591806848	-0.00444721935278465
1	0.00763886248408365	-0.00542214448386503
0.79433	0.00686699678690124	-0.00486252907363953
0.63096	0.00607807748263628	-0.00568359382858816
0.50119	0.00554161071640041	-0.00483210054390742
0.39811	0.0045748454414456	-0.0044658267501114
0.31623	0.0029273494171626	-0.0040751854994175
0.25119	0.00289806140877528	-0.00259842423815566
0.19953	0.00276484975492078	-0.00380193188490767
0.15849	0.00347579871087811	-0.00183458432702123
0.12589	0.000582271808774342	-0.0011315306441819
0.1	0.000124741005498495	-0.00340716131805668

