Frequency (Hz)	H' 	-H'' 
10000	0.00532538811428764	0.0140626682026425
7943.3	0.00684389371696732	0.0157421829730205
6309.6	0.0101879262852915	0.0176785938623415
5011.9	0.0128218224141713	0.0194933813745605
3981.1	0.0152430950764388	0.0214259370621441
3162.3	0.016740629447879	0.0228110208233896
2511.9	0.019054396833675	0.0255055661391162
1995.3	0.0210395662806959	0.0287344084613993
1584.9	0.0218471612761946	0.0325975890290895
1258.9	0.0236943312322567	0.0383864793674232
1000	0.02519446013233	0.0450249250677554
794.33	0.02594130223363	0.0546220493645442
630.96	0.0279987470581211	0.066415495368136
501.19	0.0296529123948025	0.0802941494288352
398.11	0.0319323005076868	0.100157537180025
316.23	0.0346835852539862	0.124101253457956
251.19	0.0372677872988719	0.154524593929153
199.53	0.0451257028110534	0.189984795230557
158.49	0.0538533407021777	0.237529682830389
125.89	0.0687477476698768	0.293795186508152
100	0.0859846143520977	0.364450503983028
79.433	0.117160484866071	0.452048614088563
63.096	0.159771936971725	0.556106601699256
50.119	0.229064323229305	0.670555416996492
39.811	0.326735799081487	0.813079362738963
31.623	0.46388420282621	0.963032489930019
25.119	0.650003705518318	1.10315109438076
19.953	0.889022688043219	1.22492113636691
15.849	1.17187061228972	1.30351108293474
12.589	1.48405458191382	1.3142956918136
10	1.79284704229566	1.24860545636338
7.9433	2.06600043833128	1.10990913980504
6.3096	2.27941382204522	0.928322002236677
5.0119	2.41728332128577	0.727377347210109
3.9811	2.49191330319637	0.53033028960553
3.1623	2.51341700389533	0.366057387994555
2.5119	2.50372829287399	0.231557408242272
1.9953	2.47338229662919	0.127751782989414
1.5849	2.43589059033809	0.0600428609449481
1.2589	2.39422000657427	0.00859441386872881
1	2.35947570396372	-0.0234968959562551
0.79433	2.32366599177722	-0.0417004256192443
0.63096	2.30267924586112	-0.045871264979114
0.50119	2.27351705946552	-0.0480784175867272
0.39811	2.25905981603277	-0.0475901788678108
0.31623	2.24530246357158	-0.0568855879080274
0.25119	2.21442301685804	-0.0491964422991568
0.19953	2.22182993940128	-0.0481728142322306
0.15849	2.19417602276211	-0.0321639240356854
0.12589	2.17915387775449	-0.0511646331781097
0.1	2.1879786302715	-0.052178397994771

