Frequency (Hz)	H' (Ω)	-H'' (Ω)
10000	0.00192550789965459	0.00415937542603944
7943.3	0.00187650650652104	0.00373967143558797
6309.6	0.00282455486051268	0.00441721092622285
5011.9	0.00290887993445563	0.00475916975770985
3981.1	0.00305244336975466	0.00511533782660661
3162.3	0.0031575716932534	0.0068584571982475
2511.9	0.00381191472517202	0.00839499907332598
1995.3	0.00369068887856598	0.00940984511544756
1584.9	0.00492971478179557	0.0110462380009373
1258.9	0.00546240780610504	0.0138464421699126
1000	0.00481727917602235	0.01666575948271
794.33	0.00644230519152382	0.0208632262504033
630.96	0.00671299639085097	0.0260570097157923
501.19	0.00716281268624622	0.0312546528524289
398.11	0.00945973545546214	0.0392343000615176
316.23	0.0104840082440291	0.0485804190965891
251.19	0.0146967627599979	0.0571574944759652
199.53	0.0179742377070063	0.0740638805555564
158.49	0.0240578289638499	0.0903748526336123
125.89	0.0341493885259508	0.108305592447082
100	0.0459172323732328	0.13441802185404
79.433	0.0610362331131823	0.160344957422997
63.096	0.0829546195970595	0.188397036801331
50.119	0.118721970402648	0.224125253057807
39.811	0.157840604350915	0.258844677646502
31.623	0.210233686853769	0.287629652981143
25.119	0.277796096222625	0.312968804476078
19.953	0.35680468482785	0.323350282138565
15.849	0.44338626925481	0.31445293977416
12.589	0.533143094302486	0.279491540555685
10	0.608371266886371	0.218280929415844
7.9433	0.663319866527478	0.134060907924283
6.3096	0.691814489793208	0.0332719093862258
5.0119	0.683573877823403	-0.0653979692952379
3.9811	0.642726835538059	-0.156571511896277
3.1623	0.580908392585385	-0.227798917837389
2.5119	0.501618715119678	-0.275720568672343
1.9953	0.420059851716055	-0.298267710459143
1.5849	0.341046237373117	-0.300152082525094
1.2589	0.271998780665535	-0.286028105226509
1	0.214288129863	-0.262567478565252
0.79433	0.166317570109394	-0.232896333817607
0.63096	0.131036486551912	-0.202392939544016
0.50119	0.103042227934989	-0.172780223420197
0.39811	0.0831911560074565	-0.145845103175676
0.31623	0.0678351855956113	-0.122068227885065
0.25119	0.0558719064314614	-0.10073373834418
0.19953	0.0490981914192797	-0.0833240569112825
0.15849	0.0431150617035909	-0.0679046065620728
0.12589	0.038063832510351	-0.0567850843141613
0.1	0.0360848281794703	-0.0462875997769525
