Frequency (Hz)	H' 	-H'' 
10000	0.00102270321445346	0.000855810822878778
7943.3	0.000528431794395772	0.00102925813626581
6309.6	0.000465634871644142	0.00150474274656465
5011.9	0.000232205119723324	0.00109104677339465
3981.1	0.000571185992069304	0.00129193505975903
3162.3	0.000688235972621883	0.00141854054455125
2511.9	0.000839132050062473	0.00188157093905261
1995.3	0.00129850986409244	0.0026750382814798
1584.9	0.00180208584955038	0.00262200553811948
1258.9	0.00165576808316123	0.00297459689437068
1000	0.00157843579951858	0.00408616781608654
794.33	0.00259935994765083	0.00432974762317886
630.96	0.00223692259677518	0.0050002107293171
501.19	0.00350153331747852	0.00612583068810108
398.11	0.00356938571397328	0.00494557682640708
316.23	0.00457584854550047	0.00693500414028205
251.19	0.00840172179405797	0.00660284622236587
199.53	0.00547554920243779	0.00885491035691372
158.49	0.00785531183781917	0.0107507835611807
125.89	0.00947777357817169	0.0121004532881215
100	0.0101307927127055	0.0126692710077608
79.433	0.0127197388359247	0.0167453734495018
63.096	0.0131130664243161	0.0199627338613577
50.119	0.019082358377491	0.0241640185310809
39.811	0.0237756241731409	0.0229840046609413
31.623	0.0269075690008877	0.0262186400876145
25.119	0.0307686819234169	0.0241694451584342
19.953	0.0365258518338119	0.0240101502643732
15.849	0.0402115181178269	0.0220724330565137
12.589	0.0497994293225819	0.0223368357018307
10	0.054547761361992	0.0188482954973217
7.9433	0.0582736145858368	0.0131099751573048
6.3096	0.0628520201419564	0.00523942593280878
5.0119	0.0647203129562092	-0.00218322244549799
3.9811	0.0622732217843384	-0.00998024923789115
3.1623	0.0556887144576653	-0.0161853279585208
2.5119	0.0517277384889013	-0.0215874574130386
1.9953	0.0458028452070487	-0.0251384272644984
1.5849	0.038564401367116	-0.0265469385320679
1.2589	0.03112956536503	-0.0257053896859065
1	0.0252794820687768	-0.0253318548673036
0.79433	0.0207263084655032	-0.0223853696237022
0.63096	0.017173709630328	-0.0205813493257795
0.50119	0.0143303610257054	-0.0186673165363607
0.39811	0.010531145627172	-0.0154617436114285
0.31623	0.00983695041885428	-0.0136788011672275
0.25119	0.00787337905548795	-0.0116877111872343
0.19953	0.0069075474001868	-0.00989904535591861
0.15849	0.0055311340835438	-0.00834673067208885
0.12589	0.00455346214727079	-0.00699110910135489
0.1	0.00413511956607093	-0.00563380353579043

