Frequency (Hz)	H' 	-H'' 
10000	0.00579007821113531	0.019925868992693
7943.3	0.00839401527579554	0.023814393784686
6309.6	0.01112117055886	0.0264163613689962
5011.9	0.014523916045776	0.0303413373623453
3981.1	0.0196926972037406	0.0347175891323859
3162.3	0.0237830153220455	0.0378764370571387
2511.9	0.0286626013519605	0.0407002579273743
1995.3	0.0328234675164169	0.0437101027997791
1584.9	0.037673687969471	0.0491815491706549
1258.9	0.0401826580915052	0.0544228941724893
1000	0.0429546121527093	0.0632987118835848
794.33	0.0458365066352919	0.074177819934329
630.96	0.0487089586422976	0.0867563670280325
501.19	0.0527631301770247	0.104674696811828
398.11	0.0546176687585202	0.127797240664081
316.23	0.0591733545307433	0.156253514381055
251.19	0.0638968533831702	0.190284023456981
199.53	0.0727302501617884	0.237595977352531
158.49	0.0834765789838904	0.295855755803234
125.89	0.102687064202359	0.368143910848514
100	0.126025677609166	0.45595471943682
79.433	0.163400732442929	0.560107417469296
63.096	0.216695545058407	0.687104398651689
50.119	0.304483227327334	0.834711903469467
39.811	0.422693688287938	1.00525831170509
31.623	0.593670809862349	1.18628327602165
25.119	0.819995188736489	1.36409522842903
19.953	1.10890274522385	1.51391674914876
15.849	1.45941517330175	1.60890474487509
12.589	1.83564380937394	1.62899714921895
10	2.21460496042221	1.5527556395795
7.9433	2.5459325943842	1.4016228461126
6.3096	2.80323261873975	1.19455859953999
5.0119	2.98102612101729	0.96593005494268
3.9811	3.08683311256444	0.753296700731565
3.1623	3.13583901583039	0.570042937717373
2.5119	3.15152098559102	0.421299225893684
1.9953	3.14769690215127	0.312693877306985
1.5849	3.13863022744405	0.225390860155055
1.2589	3.12522137527153	0.165833082975188
1	3.11214313385647	0.124333948139493
0.79433	3.10029430644096	0.0879039295542891
0.63096	3.08348377577431	0.0673927290323932
0.50119	3.07701708291025	0.0436012843892049
0.39811	3.0699720455795	0.0281971322185989
0.31623	3.05877302223926	0.0252544123057723
0.25119	3.06920894056271	0.019147460504683
0.19953	3.04414926313634	0.00683424151525105
0.15849	3.05928110249095	-0.00401577029073477
0.12589	3.0477746516939	0.00849375303638053
0.1	3.02227444368244	-0.00361476860995648

