Frequency (Hz)	H' (Ω)	-H'' (Ω)
10000	0.00420809130349357	0.00907036063436223
7943.3	0.00548022585680378	0.0109892835513003
6309.6	0.00675049184845148	0.0112855471887977
5011.9	0.00821924735984917	0.0124039421374771
3981.1	0.00991958370076393	0.0132793717012462
3162.3	0.010570035656732	0.0154990915643829
2511.9	0.0118654654064075	0.0175277819831345
1995.3	0.0130181763457671	0.0208580673657379
1584.9	0.0129828372963333	0.0237447840196396
1258.9	0.0143068722917496	0.0285814126161967
1000	0.0152874387977797	0.0340787595041279
794.33	0.0154502203288258	0.0417196334181544
630.96	0.0169277008175857	0.0504345354170578
501.19	0.0180121843791277	0.0623602797169891
398.11	0.0196087622119173	0.078413877472104
316.23	0.0223240398285399	0.0973119657969205
251.19	0.0265558230575916	0.119261039682334
199.53	0.0314846726564528	0.1508110127501
158.49	0.0383778533702147	0.188087542085291
125.89	0.0517445684504335	0.233337310731078
100	0.0689497727295539	0.288366451755916
79.433	0.092813056842473	0.356772849845435
63.096	0.130982004644023	0.440753259693022
50.119	0.18942136458746	0.532934182347611
39.811	0.27097136334077	0.634530948321141
31.623	0.38021419281214	0.743983969664291
25.119	0.536174728625366	0.845673111490211
19.953	0.728112308166226	0.92775397453766
15.849	0.951597800712852	0.965846453122995
12.589	1.19368816434374	0.950827088502561
10	1.42450394261337	0.873243667816873
7.9433	1.62254055687596	0.738253074876381
6.3096	1.76921241332033	0.568174241844111
5.0119	1.85238114993747	0.380264673706666
3.9811	1.87847521160925	0.201238573336362
3.1623	1.85787904070046	0.0413847483774428
2.5119	1.80238523055746	-0.089662997665546
1.9953	1.72089446089383	-0.184855914553251
1.5849	1.63576750845468	-0.248397986454582
1.2589	1.54554153469388	-0.286386908330063
1	1.45497203105729	-0.299517022722124
0.79433	1.3799769968051	-0.295287672509776
0.63096	1.30940037987481	-0.283450751728637
0.50119	1.25258386823877	-0.2632864821985
0.39811	1.20415943912372	-0.238008870764709
0.31623	1.16167785695694	-0.204851951789217
0.25119	1.14090552789423	-0.179074330879909
0.19953	1.1031955042645	-0.154040024348257
0.15849	1.09358876013771	-0.136592446951168
0.12589	1.07700441433181	-0.104270717010696
0.1	1.04967791864806	-0.0879861190032253
