Frequency (Hz)	H' 	-H'' 
10000	0.00332372922836308	0.00547456814955181
7943.3	0.00384231844488002	0.00721265572584275
6309.6	0.00543471140847476	0.00778195147930273
5011.9	0.0055965764300144	0.00807794328609593
3981.1	0.00528522684291493	0.008529299024696
3162.3	0.00605199516940452	0.00996008807766338
2511.9	0.00682782070517675	0.0121819532811638
1995.3	0.00767764173738128	0.0135584703344134
1584.9	0.00743908835543126	0.0172132410154036
1258.9	0.00861094817210007	0.0199095578904751
1000	0.00858271930740269	0.0247375168346735
794.33	0.00986493121094297	0.0303339676003927
630.96	0.0104901447118097	0.0375959788031281
501.19	0.0110481701934699	0.0470782268615687
398.11	0.0120808201791791	0.0580620707314198
316.23	0.0146362224692105	0.0727093223947573
251.19	0.0208807208533244	0.0892138172664929
199.53	0.0225060372817678	0.11130277805562
158.49	0.0292917175880612	0.139599312385167
125.89	0.0387784656595106	0.173658556087346
100	0.0557322547828237	0.212892036346462
79.433	0.0756746351173835	0.261635530992095
63.096	0.107633324491813	0.321212480956635
50.119	0.150924745771695	0.385748709075225
39.811	0.21323758442137	0.454455773186912
31.623	0.29985317457402	0.519877532336909
25.119	0.415294791679824	0.586648981577215
19.953	0.556862806209558	0.632450688365562
15.849	0.719400785724024	0.644908101946702
12.589	0.890237632312524	0.611683437529848
10	1.05156296716134	0.530497570507805
7.9433	1.18340190053182	0.407393614530407
6.3096	1.27073125181448	0.253174802689463
5.0119	1.30649200639165	0.0854222977908624
3.9811	1.29056010326858	-0.0772333534666327
3.1623	1.23076547608704	-0.219879946906662
2.5119	1.13636446432977	-0.335550909352337
1.9953	1.02199395196661	-0.417429692134721
1.5849	0.897523344875445	-0.465555933460089
1.2589	0.774883725277849	-0.48381337221864
1	0.658441940540137	-0.477158617814556
0.79433	0.555975826114696	-0.449711435317016
0.63096	0.469990553646879	-0.411738742404976
0.50119	0.399807279445461	-0.366452596352252
0.39811	0.343778929214599	-0.320035570028547
0.31623	0.299506934162419	-0.27485756086401
0.25119	0.26672619465336	-0.230995405783914
0.19953	0.242814603850582	-0.194352374528165
0.15849	0.224881321270278	-0.158284777258966
0.12589	0.209482661094155	-0.130576282920962
0.1	0.200974916214822	-0.108288427857485

