Frequency (Hz)	H' (Ω)	-H'' (Ω)
10000	0.00113789711955966	0.0330089501685197
7943.3	0.00248800691456963	0.0412145955755114
6309.6	0.00717817023372083	0.0500522056185289
5011.9	0.0112700442639154	0.0606811799271801
3981.1	0.0183827318314049	0.0749693116674667
3162.3	0.0270925472960124	0.0883700032694575
2511.9	0.0376575474148733	0.104785333909121
1995.3	0.0537940502999969	0.120875386187378
1584.9	0.0717561577767635	0.138556828379354
1258.9	0.0921135621016246	0.154877601548647
1000	0.113400184132504	0.170525333676275
794.33	0.135100033819444	0.187670372716686
630.96	0.156534787734413	0.204919531661564
501.19	0.175701784827553	0.226116581546338
398.11	0.194497104590831	0.251580145395082
316.23	0.213212067105633	0.286824131365475
251.19	0.231319249579587	0.333043851286769
199.53	0.251472740539251	0.390413110005954
158.49	0.278062648129494	0.464850196747854
125.89	0.309815311509977	0.559583298155726
100	0.357722850739314	0.67720239674447
79.433	0.425506574369799	0.818023894898155
63.096	0.517112855905404	0.985402885423502
50.119	0.65566552731169	1.17529292332496
39.811	0.83966512452155	1.38408509218492
31.623	1.10061405360582	1.6025588465247
25.119	1.42988251979868	1.78759078224455
19.953	1.83205886449572	1.92258317407073
15.849	2.28109995380251	1.9693875945808
12.589	2.73616702409277	1.9090173710319
10	3.15316744570716	1.75107508023843
7.9433	3.48740245175008	1.51590292885852
6.3096	3.72914717722121	1.25115174104694
5.0119	3.87660534782096	0.992117735211994
3.9811	3.96072959940558	0.766226497748018
3.1623	3.9925344402566	0.580769958059621
2.5119	3.99956375335227	0.440719854346375
1.9953	3.99517279533969	0.334338921693311
1.5849	3.98913201684379	0.253277225564361
1.2589	3.98347038416289	0.194858009253447
1	3.97217895852804	0.154489068294567
0.79433	3.96768687492091	0.12173706213026
0.63096	3.96245317525085	0.0955120597082417
0.50119	3.96582839240503	0.0727967968782428
0.39811	3.96043537526225	0.0587280194999519
0.31623	3.95384613915284	0.0461044623546608
0.25119	3.96034662655908	0.0442254153204568
0.19953	3.95378672997014	0.0244257510097736
0.15849	3.95943720931567	0.0215112645732516
0.12589	3.94889619372802	0.0196730725274487
0.1	3.93750209063952	-8.71671791198626E-05
