Frequency (Hz)	H' 	-H'' 
10000	0.00340690445684426	0.0271582107427713
7943.3	0.006462185990825	0.0319119827190394
6309.6	0.0105766869294099	0.0381621732129699
5011.9	0.0150305570559906	0.0457258440775108
3981.1	0.0218373683222439	0.0526879800913814
3162.3	0.029195490049707	0.0605340181821902
2511.9	0.0389112308361361	0.068133970925043
1995.3	0.0487290022410956	0.0752120083690733
1584.9	0.0572939578756565	0.0828942286777259
1258.9	0.0671518989316345	0.0905939607242886
1000	0.0752794157304099	0.0987377187978888
794.33	0.0832243183971408	0.110806813276825
630.96	0.0904869609646183	0.125191510531111
501.19	0.0961133182541739	0.145106304404288
398.11	0.104012076530605	0.17095025256358
316.23	0.110572651086292	0.204463971501078
251.19	0.117207699218828	0.248186167332656
199.53	0.131111770550465	0.301644050659954
158.49	0.147845998484616	0.36940343130111
125.89	0.171220697651465	0.455942532739713
100	0.202358225313066	0.558493249210051
79.433	0.254803052014386	0.685089695855178
63.096	0.329777391531797	0.833909681190179
50.119	0.435620590073555	1.01061059014719
39.811	0.587276062362587	1.20574068960825
31.623	0.801257280818907	1.41127894813352
25.119	1.08243368573346	1.60118323007897
19.953	1.43277444009059	1.7553579528917
15.849	1.83910182858263	1.83682915772665
12.589	2.27079509807416	1.82279129873216
10	2.67992010843112	1.70999422515817
7.9433	3.02929998985434	1.51622542256834
6.3096	3.28873769487089	1.27208298183802
5.0119	3.46279413529873	1.02658424068084
3.9811	3.56460458080883	0.800190078157117
3.1623	3.60839822933052	0.609248654941156
2.5119	3.62510743124182	0.460025496350216
1.9953	3.62415355114572	0.348067630633603
1.5849	3.61444703959025	0.266839069682629
1.2589	3.61073176528262	0.206064747626333
1	3.60262109968039	0.157686156408166
0.79433	3.59432898722595	0.125323581947071
0.63096	3.59419774347461	0.093971728901883
0.50119	3.59193952447521	0.0794330132014249
0.39811	3.58794438482318	0.0594152112604331
0.31623	3.58408908688925	0.0414788542002876
0.25119	3.5746977418181	0.0394823674278001
0.19953	3.58351680806267	0.0207267610352894
0.15849	3.57361739943105	0.0276417956139558
0.12589	3.56517855480714	0.0060426149262551
0.1	3.57259963108588	-0.00869781564589052

