Frequency (Hz)	H' 	-H'' 
10000	0.000789104816046817	0.00193533582231806
7943.3	0.00107172024200217	0.0017138391741984
6309.6	0.00102987448734391	0.00220800620189996
5011.9	0.00230879635963107	0.00212421243086076
3981.1	0.00120299825174491	0.00279837891725959
3162.3	0.0019478174839815	0.00327188984961303
2511.9	0.0022941807402895	0.00372552566064016
1995.3	0.00225238385279294	0.00540179095169809
1584.9	0.00223200127280632	0.00663840332013445
1258.9	0.0033255346313484	0.00832156337732733
1000	0.0036882331193646	0.00955582680030447
794.33	0.00390322576395464	0.0115775386406343
630.96	0.00456878672230125	0.013935864944783
501.19	0.0047665265716538	0.0168820338654622
398.11	0.00681921259479772	0.0204601740601869
316.23	0.00932735438818656	0.0247866760421965
251.19	0.0140074859017711	0.0314883111483356
199.53	0.014502403552898	0.0371648710899423
158.49	0.019458675882255	0.0414161368760097
125.89	0.0247173216467812	0.0495758311146423
100	0.0331778860210502	0.0595205093953479
79.433	0.0393852329448243	0.0666901088970535
63.096	0.0511313242723985	0.0724891717222146
50.119	0.065768742730918	0.0843965068715088
39.811	0.0818113832019837	0.0942458358239524
31.623	0.104146767416886	0.0987846561703375
25.119	0.127017727466653	0.103631257812478
19.953	0.152287266637187	0.10270325700779
15.849	0.180520256063645	0.0959241818335087
12.589	0.206108602876593	0.0808724597913719
10	0.226957985740371	0.0565497002330042
7.9433	0.241776512417615	0.0258259270809744
6.3096	0.244602406843424	-0.0101862828626125
5.0119	0.237993514816738	-0.0441122111924988
3.9811	0.218557469035272	-0.0725321275820272
3.1623	0.192149983123371	-0.0925255889561937
2.5119	0.16175678578861	-0.10564469826049
1.9953	0.132983235418008	-0.107957019725269
1.5849	0.107032362751559	-0.103892840809263
1.2589	0.0849322994350073	-0.0967675553885074
1	0.0666598920604431	-0.0871977533663096
0.79433	0.0521289283090052	-0.0754933493939539
0.63096	0.0418086680736101	-0.0662164004090071
0.50119	0.0336576149236803	-0.0554835827748148
0.39811	0.0274185875988354	-0.0471608176367725
0.31623	0.0230427936469777	-0.0398252986125097
0.25119	0.0195268852844815	-0.0330246757983581
0.19953	0.0166844860747868	-0.0274592161429239
0.15849	0.0149007280688247	-0.0228489481341275
0.12589	0.0122749000319199	-0.0185076752312168
0.1	0.0112892863327272	-0.0161053861643666

